211,220045,HeartRate
51,442,455,6701,220179,220050,SysBP
8368,8440,8441,8555,220180,220051,DiasBP
456,52,6702,443,220052,220181,225312,MeanBP
615,618,220210,224690,RespRate
223761,678,223762,676,Temp
646,220277,SpO2
807,811,1529,3745,3744,225664,220621,226537,Glucose
445,448,449,450,1340,1486,1600,224687,MinuteVolume
639,654,681,682,683,684,224685,224684,224686,TidalVolume
218,436,535,444,459,224697,224695,224696,224746,224747,RespPressure
221,1,1211,1655,2000,226873,224738,224419,224750,227187,InspPressure
543,PlateauPressure
5865,5866,224707,224709,224705,224706,APRVPressure
60,437,505,506,686,220339,224700,PEEP
141,224417,224418,CuffPressure
3459,HighPressureRelease
501,502,503,224702,PCV
223,667,668,669,670,671,672,TCPCV
467,O2FromVentilator
578,3605,PressureSupport
3688,3689,VtInches
63,64,65,66,67,68,227579,227580,227582,227581,BIPAP
157,158,1852,3398,3399,3400,3401,3402,3403,3404,8382,227809,227810,ETT
224701,PSVlevel
223835,3420,190,3422,FiO2
614,615,619,653,224688,224690,224689,RespRate
194,195,224691,FlowBy
470,471,223834,227287,O2Flow
648,SpeechIntubated
40055,43175,40069,40094,40715,40473,40085,40057,40056,40405,40428,40086,40096,40651,226559,226560,227510,226561,226584,226563,226564,226565,226567,226557,226558,UrineOut
723,223900,GCSVerbal
454,223901,GCSMotor
184,220739,GCSEyes
